20151024013748,-120,-120,-120,-120,-120,-120,-120,-120,4
20151024013753,-95.0,-90.0,-90.0,-120,-75.0,-120,-120,-92.0,4
20151024013758,-91.0,-88.0,-93.0,-120,-82.0,-120,-92.0,-95.0,4
20151024013803,-120,-120,-120,-120,-120,-120,-120,-120,4
20151024013808,-120,-93.0,-120,-91.0,-70.0,-83.0,-120,-86.0,4
20151024013813,-120,-120,-120,-120,-120,-94.0,-120,-120,4
20151024013818,-120,-120,-120,-120,-120,-120,-120,-120,4
20151024013823,-120.0,-120,-120,-120,-74.0,-92.0,-120,-87.0,4
20151024013828,-93.0,-90.0,-120,-120,-66.0,-95.0,-99.0,-120,4
20151024013833,-120,-120,-83.0,-96.0,-120,-93.0,-120,-120,4
20151024013838,-120,-120,-120,-120,-67.0,-120,-120,-99.0,4
20151024013843,-93.0,-88.0,-92.0,-95.0,-89.0,-98.0,-120,-120,4
20151024013848,-94.0,-120,-120,-120,-65.0,-98.0,-120,-120,4
20151024013853,-120,-89.0,-120,-120,-120,-120,-120,-120,4
20151024013858,-93.0,-73.0,-89.0,-91.0,-80.0,-83.0,-100.0,-94.0,4
20151024013903,-120,-120,-93.0,-94.0,-85.0,-95.0,-120,-120,4
20151024013908,-120,-89.0,-120,-120,-120,-120,-120,-120,4
20151024013913,-96.0,-120,-120,-88.0,-120,-93.0,-120.0,-89.0,4
20151024013918,-120,-97.0,-120,-120,-64.0,-120,-120,-120,4
20151024013923,-120,-120,-120,-120,-120,-120,-120,-120,4
20151024013928,-120,-99.0,-85.0,-120,-92.0,-120,-101.0,-120,4
20151024013933,-89.0,-92.0,-120,-120,-78.0,-120,-120,-95.0,4
20151024013938,-120,-120,-120,-120,-120,-120,-95.0,-120,4
20151024013943,-93.0,-92.0,-120,-120,-69.0,-120,-120,-120,4
20151024013948,-91.0,-92.0,-120,-120,-91.0,-120,-120,-120,4
20151024013953,-120,-120,-120,-120,-120,-120,-120,-120,4
20151024013958,-97.0,-120,-87.0,-120,-84.0,-93.0,-120,-120,4
20151024014003,-120,-92.0,-83.0,-92.0,-88.0,-120,-94.0,-120,4
20151024014008,-120,-120,-120,-120,-120,-120,-120,-120,4
20151024014013,-90.0,-88.0,-120,-97.0,-79.0,-120,-120,-120,4
20151024014018,-86.0,-90.0,-94.0,-120,-120,-94.0,-120,-95.0,4
20151024014023,-120,-120,-120,-120,-120,-120,-120,-120,4
20151024014028,-85.0,-91.0,-94.0,-120,-78.0,-93.0,-120.0,-96.0,4
20151024014033,-90.0,-80.0,-120,-120,-87.0,-120,-120,-120,4
20151024014038,-120,-120,-93.0,-120,-120,-120,-120,-120,4
20151024014043,-120,-85.0,-120,-120,-73.0,-99.0,-101.0,-120,4
20151024014048,-120,-82.0,-91.0,-120,-73.0,-120,-97.0,-120,4
20151024014150,-82.0,-120,-120,-120,-89.0,-120,-120,-120,0
20151024014155,-120,-120,-120,-120,-120,-120,-120,-120,0
20151024014200,-71.0,-89.0,-94.0,-84.0,-120,-120,-120,-120,0
20151024014205,-83.0,-97.0,-85.0,-90.0,-85.0,-120.0,-120,-120,0
20151024014210,-120,-120,-120,-120,-120,-120,-120,-120,0
20151024014215,-89.0,-91.0,-96.0,-120,-120,-120,-120,-120,0
20151024014220,-88.0,-120,-82.0,-94.0,-86.0,-120,-120,-120,0
20151024014225,-120,-120,-120,-120,-120,-120,-120,-120,0
20151024014230,-89.0,-83.0,-120,-92.0,-90.0,-90.0,-120,-93.0,0
20151024014235,-98.0,-120,-85.0,-120,-89.0,-120,-120,-120,0
20151024014240,-120,-120,-120,-120,-120,-120,-120,-120,0
20151024014245,-77.0,-89.0,-77.0,-120,-89.0,-120,-100.0,-120,0
20151024014250,-82.0,-90.0,-87.0,-120,-82.0,-120,-91.0,-120,0
20151024014255,-120,-120,-88.0,-120,-120,-120,-120,-120,0
20151024014300,-120,-93.0,-120,-120,-90.0,-120,-120.0,-94.0,0
20151024014305,-72.0,-95.0,-89.0,-120,-92.0,-120,-120,-92.0,0
20151024014310,-81.0,-120,-82.0,-120,-87.0,-120,-120,-120,0
20151024014315,-120,-96.0,-120,-120,-120,-120,-99.0,-120,0
20151024014320,-78.0,-92.0,-120,-120,-82.0,-120,-120,-94.0,0
20151024014325,-120,-120,-120,-120,-86.0,-120,-120,-120,0
20151024014345,-120,-120,-120,-120,-120,-120,-120,-120,1
20151024014350,-120,-86.0,-120,-120,-120,-120,-95.0,-120,1
20151024014355,-97.0,-86.0,-120,-91.0,-87.0,-120,-120,-120,1
20151024014400,-120,-120,-120,-120,-120,-120,-120,-120,1
20151024014405,-120,-86.0,-89.0,-96.0,-87.0,-120,-98.0,-120,1
20151024014410,-84.0,-87.0,-89.0,-120,-120,-120,-120,-120,1
20151024014415,-120,-120,-120,-120,-120,-120,-120,-120,1
20151024014420,-120,-79.0,-94.0,-95.0,-83.0,-120,-120,-120,1
20151024014425,-93.0,-67.0,-95.0,-120,-120,-92.0,-120,-120,1
20151024014430,-120,-120,-120,-120,-120,-120,-120,-120,1
20151024014435,-120,-72.0,-120,-120,-120,-120,-120,-120,1
20151024014440,-120,-68.0,-120,-120,-120.0,-120,-120,-120,1
20151024014445,-120,-120,-120,-120,-120,-120,-120,-120,1
20151024014450,-120,-64.0,-120,-120,-85.0,-120,-120,-120,1
20151024014455,-98.0,-62.0,-120.0,-120,-120,-120,-120,-120,1
20151024014500,-120,-120,-120,-120,-120,-120,-120,-120,1
20151024014505,-120,-57.0,-120,-120,-96.0,-120,-120,-120,1
20151024014510,-120,-84.0,-98.0,-120,-95.0,-120,-120,-120,1
20151024014515,-86.0,-120,-89.0,-120,-120,-120,-120,-120,1
20151024014520,-120,-63.0,-120,-120,-120,-120,-120,-120,1
20151024014525,-120.0,-77.0,-93.0,-120,-97.0,-120,-120,-120,1
20151024014530,-120,-120,-90.0,-120,-90.0,-120,-120,-120,1
20151024014535,-120,-82.0,-120,-120,-120,-120,-99.0,-120,1
20151024014605,-120,-120,-120,-120,-120,-120,-95.0,-120,2
20151024014610,-98.0,-120,-85.0,-95.0,-94.0,-93.0,-96.0,-120,2
20151024014615,-92.0,-91.0,-88.0,-120,-95.0,-120,-120,-120,2
20151024014620,-120,-120,-120,-120,-120,-120,-94.0,-120,2
20151024014625,-120,-120,-78.0,-92.0,-120,-120,-95.0,-120,2
20151024014630,-120,-120,-71.0,-120,-91.0,-120,-120,-120,2
20151024014635,-120,-120,-120,-120,-120,-120,-97.0,-120,2
20151024014640,-120,-120,-70.0,-120,-88.0,-120,-97.0,-120,2
20151024014645,-120,-120,-71.0,-95.0,-91.0,-97.0,-98.0,-91.0,2
20151024014650,-120,-120,-120,-120,-120,-120,-120,-120,2
20151024014655,-90.0,-97.0,-120,-120,-81.0,-120,-94.0,-120,2
20151024014700,-82.0,-97.0,-80.0,-120,-78.0,-120,-88.0,-98.0,2
20151024014705,-120,-120,-120,-120,-120,-120,-120,-120,2
20151024014710,-120,-86.0,-78.0,-120,-85.0,-120,-120,-120,2
20151024014715,-91.0,-84.0,-66.0,-120,-89.0,-93.0,-120,-84.0,2
20151024014720,-120,-120,-96.0,-120,-120,-120,-120,-120,2
20151024014725,-84.0,-92.0,-120,-120,-83.0,-120,-101.0,-97.0,2
20151024014730,-93.0,-96.0,-120,-96.0,-120,-94.0,-91.0,-95.0,2
20151024014735,-85.0,-120,-77.0,-95.0,-120,-97.0,-120,-120,2
20151024014740,-120,-120,-120,-120,-120,-120,-120,-120,2
20151024014745,-86.0,-120,-86.0,-120,-91.0,-120,-120,-120,2
20151024014750,-98.0,-120,-72.0,-120,-85.0,-94.0,-120,-89.0,2
20151024014755,-120,-100.0,-120,-120,-120,-120,-120,-120,2
20151024014800,-120,-120,-84.0,-120,-81.0,-93.0,-101.0,-86.0,2
20151024014805,-99.0,-120,-84.0,-94.0,-92.0,-92.0,-120,-82.0,2
20151024014821,-98.0,-88.0,-94.0,-120,-120,-94.0,-120,-95.0,4
20151024014826,-120,-89.0,-94.0,-120,-82.0,-92.0,-120,-120,4
20151024014831,-120,-120,-120,-120,-120,-120,-120,-120,4
20151024014836,-120.0,-88.0,-120,-120,-83.0,-120,-120,-120,4
20151024014918,-120,-120,-120,-120,-94.0,-67.0,-93.0,-120,5
20151024014923,-120,-120,-120,-120,-120,-70.0,-94.0,-120,5
20151024014928,-120,-120,-120,-120,-120,-120,-120,-120,5
20151024014933,-95.0,-98.0,-120,-120,-82.0,-70.0,-79.0,-120,5
20151024014938,-120,-120,-120,-94.0,-95.0,-81.0,-97.0,-120,5
20151024014943,-120,-120,-120,-120,-120,-77.0,-120,-120,5
20151024014948,-120,-120,-120,-120,-120,-120,-120,-120,5
20151024014953,-120,-120,-120,-120.0,-86.0,-74.0,-87.0,-91.0,5
20151024014958,-120,-120,-120,-120,-120,-120,-120,-120,5
20151024015003,-120,-120,-120,-120,-120,-120,-120,-120,5
20151024015008,-120,-120,-120,-120,-120,-75.0,-85.0,-120,5
20151024015013,-93.0,-120,-93.0,-86.0,-89.0,-80.0,-120,-94.0,5
20151024015018,-120,-120,-120,-120,-120,-120,-95.0,-120,5
20151024015023,-95.0,-91.0,-90.0,-120,-87.0,-76.0,-80.0,-120,5
20151024015028,-120,-120,-98.0,-120,-120,-70.0,-120,-94.0,5
20151024015033,-120,-120,-120,-120,-120,-120,-95.0,-120,5
20151024015038,-120,-96.0,-120,-120,-93.0,-67.0,-87.0,-97.0,5
20151024015043,-120,-120,-94.0,-95.0,-93.0,-78.0,-120,-90.0,5
20151024015048,-120,-120,-120,-120,-120,-120,-120,-120,5
20151024015053,-120,-120,-120,-120,-120,-79.0,-120,-92.0,5
20151024015058,-120,-120,-120,-120,-90.0,-120,-120,-90.0,5
20151024015103,-120,-120,-120,-120,-120,-120,-120,-120,5
20151024015315,-120,-120,-120,-97.0,-90.0,-89.0,-120,-90.0,7
20151024015320,-120,-120,-120,-120,-120,-120,-85.0,-120,7
20151024015325,-120,-120,-120,-120,-120,-120.0,-120,-85.0,7
20151024015330,-120,-120,-120,-120,-120.0,-120,-120.0,-90.0,7
20151024015335,-120,-120,-120,-120,-120,-120,-120,-120,7
20151024015340,-120,-120,-93.0,-120,-87.0,-89.0,-88.0,-87.0,7
20151024015345,-120,-120,-120,-89.0,-95.0,-88.0,-93.0,-120,7
20151024015350,-120,-120,-120,-94.0,-120,-120,-120,-120,7
20151024015355,-120,-120,-120,-120,-120,-85.0,-120,-120,7
20151024015400,-92.0,-120,-85.0,-90.0,-86.0,-92.0,-96.0,-82.0,7
20151024015405,-120,-120,-91.0,-96.0,-120,-84.0,-120,-120,7
20151024015410,-120,-120,-120,-120,-120,-120,-86.5,-94.0,7
20151024015415,-120,-120.0,-120,-120,-120.0,-88.0,-120.0,-91.0,7
20151024015420,-120,-120,-120,-89.0,-120,-93.0,-120,-120,7
20151024015425,-120,-120,-120,-120,-120,-120,-90.0,-120,7
20151024015430,-97.0,-120,-120,-89.0,-120,-97.0,-94.0,-95.0,7
20151024015435,-120,-120,-120,-120,-92.0,-78.0,-120,-90.0,7
20151024015440,-120,-120,-120,-120,-120,-120,-89.0,-120,7
20151024015445,-120,-93.0,-120,-91.0,-92.0,-88.0,-120,-91.0,7
20151024015450,-120,-120,-120.0,-120,-120,-81.0,-120,-79.0,7
20151024015455,-120,-120,-120,-120,-120,-120,-120,-120,7
20151024015500,-120,-120,-120,-120,-120,-75.0,-95.0,-94.0,7
20151024015505,-120,-97.0,-120,-89.0,-93.0,-120,-120,-120,7
20151024015525,-120,-120,-120,-120,-120,-120,-82.0,-120,6
20151024015530,-120,-120,-120,-120,-120,-95.0,-120,-120,6
20151024015535,-120,-120,-92.0,-98.0,-88.0,-95.0,-120,-87.0,6
20151024015540,-120,-120,-120,-120,-120,-120,-120,-120,6
20151024015545,-120,-120,-120,-120,-120,-120,-64.0,-120,6
20151024015550,-120,-120,-120,-120,-120,-120,-72.0,-120,6
20151024015555,-120,-120,-120,-120,-120,-120,-120,-120,6
20151024015600,-120,-120,-120,-120,-120,-120,-93.0,-120,6
20151024015605,-96.0,-120,-120,-94.0,-120,-91.0,-90.0,-83.0,6
20151024015610,-120,-120,-120,-120,-120,-120,-120,-120,6
20151024015615,-120,-120,-120,-120,-120,-97.0,-94.0,-95.0,6
20151024015620,-120,-120,-120,-98.0,-120,-90.0,-120,-120,6
20151024015625,-120,-120,-120,-120,-120,-83.0,-120,-120,6
20151024015630,-120,-120,-120,-120,-120,-120,-120.0,-120,6
20151024015635,-120,-120,-120,-120,-120,-91.0,-69.0,-120,6
20151024015640,-120,-120,-120,-94.0,-120,-120,-120,-120,6
20151024015645,-120,-120,-120,-120,-120,-120,-88.0,-120,6
20151024015650,-120,-120,-120,-120,-120,-120,-87.0,-120,6
20151024015655,-120,-120,-120,-120,-94.0,-87.0,-120,-120,6
20151024015700,-120,-120,-120,-120,-120,-120,-120,-120,6
20151024015705,-120,-97.0,-120,-120,-120,-120,-91.0,-86.0,6
20151024015710,-120,-120,-120,-83.0,-120,-120,-120,-95.0,6
20151024015715,-120,-120,-120,-120,-120,-120,-95.0,-120,6
20151024015720,-120,-120,-120,-88.0,-120,-120,-120,-120,6
20151024015725,-120,-120,-120,-91.0,-120,-92.0,-120,-120,6
20151024015730,-120,-120,-120,-120,-120,-120,-83.0,-120,6
20151024015800,-120,-120,-120,-120,-120,-120,-120,-120,3
20151024015805,-120,-120,-95.0,-90.0,-120,-88.0,-90.0,-120,3
20151024015810,-120,-120,-120,-120,-120,-120,-97.0,-94.0,3
20151024015815,-120,-120,-120,-120,-120,-120,-120,-120,3
20151024015820,-120,-120,-120,-93.0,-120,-120,-95.0,-120,3
20151024015825,-120,-120,-120,-120,-120,-120,-94.0,-88.0,3
20151024015830,-120,-120,-120,-87.0,-120,-120,-120,-120,3
20151024015835,-120,-120,-120,-120,-95.0,-89.0,-96.0,-120,3
20151024015840,-120,-120,-120,-79.0,-120,-120,-88.0,-120,3
20151024015845,-120,-120,-120,-90.0,-120,-120,-120,-120,3
20151024015850,-120,-120,-120,-120,-120,-120,-95.0,-120,3
20151024015855,-120,-120,-120,-92.0,-120,-93.0,-120.0,-96.0,3
20151024015900,-120,-120,-120,-82.0,-120,-120,-120,-120,3
20151024015905,-120,-120,-120,-120,-120,-120,-87.0,-120,3
20151024015910,-120,-120,-120,-95.0,-120,-120,-83.0,-120,3
20151024015915,-120,-120,-120,-95.0,-120,-120,-120,-120,3
20151024015920,-120,-120,-120,-120,-120,-120,-99.0,-120,3
20151024015925,-120,-120,-120,-88.0,-120,-120,-90.0,-120,3
20151024015930,-120,-120,-120,-120,-120,-94.0,-120,-96.0,3
20151024015935,-120,-120,-120,-120,-120,-120,-83.0,-120,3
20151024015940,-120,-120,-120,-87.0,-120,-120,-95.0,-120,3
20151024015945,-120,-120,-120,-88.0,-94.0,-120,-120,-120,3
20151024020030,-120,-120,-120,-89.0,-120,-120,-79.0,-120,7
20151024020035,-120,-120,-120,-120,-120,-120,-120,-120,7
20151024020040,-120,-120,-96.0,-120,-120,-76.5,-89.0,-87.0,7
20151024020045,-120,-120,-88.0,-120,-90.0,-88.0,-120,-87.0,7
20151024020050,-120,-93.0,-85.0,-120.0,-120,-92.0,-120,-120,7
20151024020055,-120,-120,-120,-120,-120,-120,-88.0,-120,7
20151024020134,-120,-120,-120,-120,-120,-120,-120,-120,5
20151024020139,-120,-120,-120,-120,-120,-75.0,-120,-120,5
20151024020144,-120,-120,-120,-120,-120,-74.0,-120,-120,5
20151024020149,-120,-120,-120,-120,-120,-120,-120.0,-120,5
20151024020154,-120,-120,-120,-120,-120,-91.0,-120.0,-120,5
20151024020159,-120,-120,-93.0,-120,-89.0,-81.0,-120,-89.0,5
20151024020315,-120,-120,-120,-120,-120,-120,-120,-120,4
20151024020320,-120,-95.0,-120,-120,-87.0,-96.0,-120,-120,4
20151024020325,-120,-94.0,-98.0,-120,-79.0,-99.0,-120,-120,4
20151024020330,-120,-120,-120,-120,-120,-120,-120,-120,4
20151024020335,-120,-95.0,-120,-120,-79.0,-120,-120,-120,4
20151024020340,-90.0,-91.0,-93.0,-120,-75.0,-120,-120,-120,4
20151024020345,-120,-120,-120,-120,-120,-120,-120,-120,4
20151024020350,-91.0,-88.0,-120,-120,-85.0,-98.0,-120,-120,4
20151024020355,-120,-120,-120,-120,-86.0,-93.0,-120,-120,4
20151024020400,-120,-120,-120,-120,-120,-120,-120,-120,4
20151024020405,-120,-87.0,-90.0,-120,-85.0,-94.0,-120,-120,4
20151024020410,-120,-120,-93.0,-120,-85.0,-95.0,-120,-120,4
20151024020415,-120,-120,-120,-120,-120,-120,-120,-120,4
20151024020420,-101.0,-120,-95.0,-120,-86.0,-120.0,-120,-120,4
20151024020425,-94.0,-120,-93.0,-120,-87.0,-120,-120,-120,4
20151024020430,-120,-120,-120,-120,-120,-120,-120,-120,4
20151024020435,-94.0,-120,-94.0,-120,-84.0,-120,-120,-120,4
20151024020440,-92.0,-96.0,-85.0,-120,-86.0,-120,-120,-95.0,4
20151024020445,-120,-120,-120,-120,-120,-120,-120,-120,4
20151024020544,-120,-120,-120,-120,-120,-120,-120,-120,2
20151024020549,-93.0,-97.0,-92.0,-120,-90.0,-92.0,-96.0,-82.0,2
20151024020554,-86.0,-87.0,-86.0,-120,-87.0,-89.0,-120,-82.0,2
20151024020559,-120,-120,-120,-120,-120,-120,-120,-120,2
20151024020604,-120,-120,-84.0,-120,-90.0,-120,-120,-86.0,2
20151024020609,-120,-93.0,-85.0,-120,-90.0,-120,-120,-95.0,2
20151024020626,-120,-120,-120,-120,-120,-120,-120,-120,1
20151024020631,-93.0,-79.0,-87.0,-120,-80.0,-120,-120,-120,1
20151024020636,-93.0,-90.0,-91.0,-120,-79.0,-120,-120,-120,1
20151024020641,-120,-120,-120,-120,-120,-120,-120,-120,1
20151024020646,-120,-120,-120,-120,-84.0,-99.0,-120,-120,1
20151024020651,-120,-87.0,-120,-120,-80.0,-120,-120,-120,1
20151024020656,-120,-120,-120,-120,-120,-120,-120,-120,1
20151024020701,-94.0,-120,-120,-120,-80.0,-120,-120,-120,1
20151024020706,-95.0,-82.0,-120,-120,-80.0,-120,-120,-120,1
20151024020711,-120,-120,-120,-120,-120,-120,-120,-120,1
20151024020750,-79.0,-120.0,-81.0,-120,-87.0,-120,-120,-120,0
20151024020755,-120,-120,-120,-120,-120,-120,-120,-120,0
20151024020800,-80.0,-86.0,-80.0,-120,-88.0,-120,-120,-94.0,0
20151024020805,-120,-85.0,-81.0,-120,-85.0,-120,-120,-93.0,0
20151024020810,-120,-120,-120,-120,-120,-120,-120,-120,0
20151024020815,-78.0,-92.0,-86.0,-120,-89.0,-120,-120,-120,0
20151024020820,-77.0,-120.0,-86.0,-120,-120,-120,-120,-120,0
20151024020825,-120,-120,-120,-120,-120,-120,-120,-120,0
20151024020830,-77.0,-120,-85.0,-120,-120,-120,-120,-120,0
20151024020835,-93.0,-97.0,-85.0,-120,-120,-120,-120,-120,0
20151024020840,-120,-120,-120,-120,-120,-120,-120,-120,0
20151024020845,-76.0,-108.5,-86.0,-120,-120,-120,-120,-120,0
20151024020919,-120,-120,-120,-120,-120,-120,-120,-120,6
20151024020924,-120,-120,-120,-120,-93.0,-88.0,-73.0,-120,6
20151024020929,-120,-120,-120,-120,-120,-120,-85.0,-120,6
20151024020934,-120,-120,-120,-120,-120,-120,-120,-120,6
20151024020939,-120,-120,-120,-120,-92.0,-120,-74.0,-93.0,6
20151024020944,-120,-120,-120,-120,-120,-120,-77.0,-120,6
20151024020949,-120,-97.0,-120,-95.0,-91.0,-89.0,-120,-94.0,6
20151024020954,-120,-120,-120,-120,-120,-120,-76.0,-120,6
20151024020959,-120,-120,-120,-93.0,-120,-120,-120,-120,6
20151024021004,-120,-120,-120,-120,-120,-120,-120,-120,6
20151024021009,-120,-120,-120,-120,-120,-120,-79.0,-120,6
20151024021014,-120,-98.0,-93.0,-120,-120,-80.0,-82.0,-85.0,6
20151024021019,-120,-120,-120,-120,-93.0,-120,-120,-90.0,6
20151024021024,-120,-120,-120,-120,-120,-120,-84.0,-120,6
20151024021029,-120,-120,-91.0,-96.0,-120,-82.0,-84.0,-85.0,6
20151024021034,-120,-120,-93.0,-120.0,-120,-80.0,-120,-86.0,6
20151024021039,-120,-120,-120,-120,-120,-120,-96.0,-120,6
20151024021044,-120,-120,-120,-120,-120,-97.0,-120,-120,6
20151024021049,-120,-120,-120,-120,-120,-120,-120,-120,6
20151024021108,-96.0,-90.0,-120,-120,-120,-84.0,-120.0,-92.0,7
20151024021113,-93.5,-95.0,-88.0,-120,-85.0,-120,-100.0,-83.0,7
20151024021118,-120,-120,-120,-120,-120,-120,-120,-120,7
20151024021123,-120,-120,-120,-120,-88.0,-120,-87.0,-91.0,7
20151024021128,-120,-120,-92.0,-120,-84.0,-76.0,-95.0,-79.0,7
20151024021133,-120,-120,-120,-120,-120,-120,-120,-120,7
20151024021138,-120,-99.0,-120,-120,-120,-120,-120,-92.0,7
20151024021429,-120,-120,-98.0,-92.0,-120,-120,-120,-86.0,3
20151024021434,-120,-120,-120,-120,-120,-120,-120,-120,3
20151024021439,-99.0,-120,-120,-120,-120,-120,-94.0,-120,3
20151024021444,-95.0,-120,-120,-120,-120,-120,-120,-120,3
20151024021449,-120,-120,-120,-120,-120,-120,-88.0,-120,3
20151024021454,-120,-120,-120,-120,-94.0,-120,-85.0,-120,3
20151024021459,-120,-120,-92.0,-120,-93.0,-95.0,-120,-120,3
20151024021504,-120,-120,-120,-120,-120,-120,-97.0,-120,3
20151024021509,-120,-120,-91.0,-90.0,-120.0,-120,-83.0,-85.0,3
20151024021514,-120,-120,-92.0,-120,-95.0,-120,-120,-120,3
20151024021519,-120,-120,-120,-120,-120,-120,-85.0,-120,3
20151024021524,-120,-120,-92.0,-120.0,-120.0,-120,-120.0,-120,3
20151024021529,-120,-120,-120,-120,-120.0,-120,-95.0,-120,3
20151024021534,-120,-120,-120,-120,-120,-120,-120,-120,3
20151024021539,-120,-120,-98.0,-120,-120,-96.0,-89.0,-120.0,3
20151024021544,-120,-120,-120,-88.0,-97.0,-88.0,-120,-87.0,3
20151024021549,-120,-120,-120,-120,-120,-120,-120,-120,3
20151024021554,-120,-120,-120,-120,-120,-120,-81.0,-95.0,3
20151024021559,-120,-120,-120,-120,-93.0,-94.0,-82.0,-120,3
20151024021604,-120,-120,-120,-120,-120,-120,-120,-120,3
20151024021609,-120,-120,-120,-120,-94.0,-120,-82.0,-120,3
20151024021614,-120,-97.0,-120,-120,-120,-120,-93.0,-120,3
20151024021619,-120,-120,-120,-87.0,-120,-88.0,-120,-120,3
20151024021624,-120,-120,-120,-120,-120,-120,-83.0,-97.0,3
20151024021629,-120,-98.0,-94.0,-93.0,-120,-93.0,-94.0,-93.0,3
20151024021634,-120,-120,-120,-93.0,-92.0,-94.0,-120,-93.0,3
20151024021639,-120,-120,-120,-120,-120,-120,-90.0,-120,3
20151024021644,-120,-120,-91.0,-87.0,-120,-87.0,-120,-93.0,3
20151024021649,-120,-120,-120,-120,-120,-120,-120,-120,3
20151024021654,-120,-120,-120,-120,-120,-120,-80.0,-120,3
20151024021659,-120,-120,-120,-81.0,-120,-120,-81.0,-92.0,3
20151024021704,-120,-120,-120,-80.0,-120,-94.0,-120,-120,3
20151024021709,-120,-120,-120,-120,-120,-120,-81.0,-120,3
20151024021714,-98.0,-120,-120,-120,-94.0,-92.0,-81.0,-94.0,3
20151024021719,-120,-120,-92.0,-120,-94.0,-93.0,-120,-95.0,3
20151024021724,-120,-120,-120,-120,-120,-120,-120,-120,3
20151024021729,-120,-120,-120,-120,-120,-94.0,-81.0,-120,3
20151024021734,-120,-120,-92.0,-120,-96.0,-120,-120,-96.0,3
20151024021739,-120,-120,-120,-120,-120,-120,-82.0,-120,3
20151024021744,-120,-120,-95.0,-120,-94.0,-94.0,-92.0,-95.0,3
20151024021749,-120,-120,-120,-95.0,-120,-94.0,-91.0,-120,3
20151024021754,-120,-120,-120,-120,-120,-120,-120,-120,3
20151024021759,-120,-120,-120,-120,-120,-93.0,-93.0,-120,3
20151024021804,-120,-120,-120,-120,-120,-92.0,-91.0,-120,3
20151024021809,-120,-120,-120,-95.0,-120,-120,-120,-120,3
20151024021814,-98.0,-120,-120,-120,-120,-94.0,-120,-120,3
20151024021819,-120,-120,-120,-97.0,-120,-94.0,-120,-120,3
20151024021824,-120,-120,-120,-120,-120,-120,-120,-120,3
20151024021829,-120,-120,-120,-120,-120,-120,-93.0,-120,3
20151024021834,-120,-120,-120,-120,-120,-120,-82.0,-94.0,3
20151024021839,-120,-120,-92.0,-120,-120,-94.0,-120,-120,3
20151024021844,-120,-120,-120,-120,-120,-120,-93.0,-120,3
20151024021849,-120,-120,-120,-97.0,-120,-120,-94.0,-120,3
20151024021854,-120,-120,-120,-120,-120,-98.0,-120,-120,3
20151024021859,-120,-120,-120,-120,-120,-120,-92.0,-120,3
20151024021904,-120,-120,-120,-96.0,-120,-120,-93.0,-120,3
20151024021909,-120,-120,-120,-120,-120,-95.0,-120,-120,3
20151024021914,-120,-120,-120,-120,-120,-120,-96.0,-120,3
20151024021919,-120,-120,-120,-120,-120,-120,-96.0,-120,3
20151024021924,-120,-120,-120,-120,-120,-92.0,-120,-120,3
20151024021929,-120,-120,-120,-120,-120,-120,-97.0,-120,3
20151024021934,-120,-120,-120,-99.0,-120,-120,-98.0,-120,3
20151024021939,-120,-120,-120,-120,-120,-92.0,-120,-120,3
20151024021944,-120,-120,-120,-120,-120,-120,-82.0,-120,3
20151024021949,-120,-120,-120,-94.0,-92.0,-98.0,-92.0,-96.0,3
20151024021954,-120,-120,-120,-120,-92.0,-98.0,-95.0,-120,3
20151024021959,-120,-120,-120,-120,-120,-120,-120,-120,3
20151024022004,-120,-120,-120,-92.0,-120,-120,-120,-120,3
20151024022009,-120,-120,-120,-120,-120,-95.0,-120,-120,3
20151024022014,-120,-120,-120,-120,-120,-120,-120,-120,3
20151024022019,-120,-120,-120,-120,-120,-95.0,-120,-120,3
20151024022024,-120,-120,-120,-120,-120,-95.0,-95.0,-120,3
20151024022029,-120,-120,-120,-120,-120,-120,-120,-120,3
20151024022034,-98.0,-120,-120,-120,-92.0,-93.0,-97.0,-97.0,3
20151024022039,-120,-120,-120,-93.0,-120,-120,-95.0,-120,3
20151024022044,-120,-120,-120,-120,-120,-120.0,-120,-120,3
20151024022049,-120,-120,-120,-120,-120.0,-120,-91.0,-120,3
20151024022054,-120,-120,-120,-93.0,-93.0,-120,-96.0,-95.0,3
20151024022059,-120,-120,-120,-100.0,-120,-120,-120,-120,3
20151024022104,-120,-120,-120,-120,-120,-120,-120,-120,3
20151024022109,-120,-120,-120,-97.0,-96.0,-120,-120,-88.0,3
20151024022114,-120,-120,-120,-98.0,-120,-120,-120,-120,3
